0.34209835068821026	0.3470820671068582	0.42867362653635405	0.3807121829442667	0.34209835068821026	0.4749139958188984	0.34209835068821026	0.3560194691481363	
0.3470820671068582	0.35761953764157056	0.4312043801437692	0.39234153174061054	0.3471398340813509	0.4995000000000025	0.3471398340813509	0.3667119489892249	
0.42867362653635405	0.4312043801437692	0.42867362653635405	0.4312043801437692	0.42867362653635405	0.4749139958188984	0.42867362653635405	0.4312907630466757	
0.3807121829442667	0.39234153174061054	0.4312043801437692	0.4118905537649756	0.3807762546672998	0.5289934708337157	0.3807762546672998	0.39234153174061054	
0.34209835068821026	0.3471398340813509	0.42867362653635405	0.3807762546672998	0.34209835068821026	0.47515214921701626	0.34209835068821026	0.3561185695012027	
0.4749139958188984	0.4995000000000025	0.4749139958188984	0.5289934708337157	0.47515214921701626	0.5908802401371334	0.47515214921701626	0.4995000000000025	
0.34209835068821026	0.3471398340813509	0.42867362653635405	0.3807762546672998	0.34209835068821026	0.47515214921701626	0.3362678272514223	0.3561185695012027	
0.3560194691481363	0.3667119489892249	0.4312907630466757	0.39234153174061054	0.3561185695012027	0.4995000000000025	0.3561185695012027	0.3667119489892249	
